2894894
2960430
3025966
3025966
3157038
3222574
3288110
3353645
3419181
3550253
3615789
3681325
3812141
3877677
3943469
4009004
4205612
4336683
4402219
4467755
4664363
4729899
4861228
4992299
5123115
5254187
5385515
5516587
5647659
5778986
5844522
6041130
6172203
6303275
6434347
6565675
6631467
6828075
6893611
6959403
7024938
7090474
7156010
7221546
7352875
7418155
7418155
7549227
7615019
7746347
7811884
7877420
8008492
8074028
8139820
8205355
8336427
8401707
8533036
8598572
8664364
8795436
8860972
8926764
8992300
9057836
9254443
9320236
9451052
9516845
9582381
9713709
9779245
9844781
9910573
10041645
10172716
10238508
10369325
10434861
10566190
10631982
10697518
10828846
10828846
11025709
11091245
11156782
11288111
11353647
11419439
11550255
11616047
11681583
11747376
11813168
11878959
12010031
12141360
12206896
12272689
12338225
12404017
12535345
12600880
12666674
12732465
12798001
12863794
12929587
12929587
12995379
13126707
13192500
13258036
13323828
13389619
13455411
13521204
13586740
13586997
13652789
13718582
13784374
13849910
13915702
13981495
14047286
14047798
14113591
14179385
14245176
14310968
14376760
14377017
14442809
14508600
14574392
14574649
14640442
14706234
14772026
14772283
14838331
14904123
14969916
14970171
15035963
15101756
15102014
15168061
15233854
15234110
15299902
15365695
15366206
15431998
15432000
15498049
15563840
15564353
15630145
15630402
15696194
15630915
15696963
15762756
15828548
15828805
15894596
15894854
15960645
15960903
16026696
16027207
16093256
16093513
16159307
16159562
16159820
16225868
16160588
16226381
16292174
16292430
16358223
16358480
16358480
16358736
16358738
16359249
16359249
16359507
16359507
16359762
16359762
16360020
16360020
16360275
16360275
16426068
16426068
16360788
16360790
16361045
16361047
16361303
16361303
16361560
16361560
16361817
16361817
16362073
16362074
16362330
16362331
16297051
16297052
16297052
16297309
16428381
16363101
16363102
16363614
16363616
16363871
16363873
16364128
16364128
16364386
16364641
16364641
16364898
16364898
16299620
16299620
16365413
16365413
16365670
16365926
16365927
16366183
16366184
16366440
16366441
16366697
16366954
16366954
16301675
16301675
16432748
16432750
16367469
16367469
16367727
16368240
