0
65793
65793
131586
131586
197379
197379
263172
328965
328965
394758
394758
460551
526344
526344
592137
592137
657930
723723
723723
723723
855053
921102
921102
986895
1052688
1118481
1118481
1184274
1250067
1315860
1381653
1381653
1447446
1513239
1579032
1644825
1710618
1776411
1842204
1842204
1973790
1973790
2039583
2105376
2171169
2236962
2302755
2368548
2434341
2434341
2565927
2565927
2697513
2697513
2829099
2894892
2960685
3026478
3026478
3158064
3223857
3289650
3355443
3421236
3487029
3552822
3618615
3750201
3750201
3815994
3947580
3947580
4079166
4144959
4210752
4276545
4408131
4408131
4473924
4605510
4605510
4737096
4802889
4934475
4934475
5000268
5131854
5197647
5263440
5329233
5460819
5460819
5592405
5658198
5789784
5789784
5855577
5987163
6052956
6118749
6184542
6316128
6381921
6447714
6513507
6579300
6710886
6776679
6842472
6908265
7039851
7105644
7171437
7237230
7303023
7434609
7500402
7566195
7631988
7763574
7829367
7960953
8026746
8026746
8158332
8224125
8355711
8421504
8487297
8553090
8684676
8750469
8750469
8882055
8947848
9079434
9145227
9211020
9276813
9408399
9474192
9539985
9605778
9671571
9803157
9868950
10000536
10000536
10132122
10197915
10263708
10329501
10395294
10526880
10592673
10658466
10724259
10855845
10921638
10987431
11053224
11119017
11250603
11316396
11382189
11447982
11579568
11579568
11645361
11776947
11842740
11908533
11974326
12105912
12171705
12237498
12303291
12369084
12434877
12500670
12632256
12632256
12763842
12829635
12895428
12961221
13027014
13092807
13158600
13224393
13290186
13421772
13421772
13553358
13553358
13619151
13750737
13750737
13882323
13882323
14013909
14079702
14145495
14211288
14211288
14342874
14342874
14474460
14474460
14606046
14606046
14671839
14737632
14803425
14869218
14935011
15000804
15000804
15132390
15132390
15198183
15263976
15329769
15395562
15395562
15461355
15527148
15592941
15658734
15724527
15724527
15790320
15856113
15856113
15921906
15987699
16053492
16053492
16119285
16185078
16250871
16250871
16250871
16316664
16382457
16448250
16448250
16514043
16514043
16579836
16579836
16645629
16711422
16711422
16711422
