16113586
16113077
16112824
16112316
16111807
16111298
16110790
16110281
16109773
16109263
16109010
16108756
16108502
16107992
16107738
16107484
16107231
16106721
16106467
16106213
16105959
16105449
16170731
16104941
15908590
15777774
15581423
15385071
15188720
14992368
14861553
14665201
14468850
13879795
13225461
12767221
12766449
12700140
12634088
12633315
12567007
12500698
12500182
12433873
12367307
12300482
12233401
12166576
12034473
12034733
11969458
11904438
11904699
11839679
11774404
11709384
11709645
11644626
11579351
11514333
11449314
11449831
11384557
11319538
11254520
11451639
11649014
11846133
12043508
12175347
12372466
12569841
12766960
12964335
13161454
13358829
13555948
13884906
14279400
14673894
15068388
15463138
15857632
15988446
15987420
15986395
16050649
16049623
16048597
16113107
16112081
16111055
16175565
16174539
16172488
16235972
16299456
16297405
16360889
16097718
15703987
15244720
14850734
14391467
13932200
13538470
13079203
12619937
12226206
11766939
11307673
10848150
10388883
9864080
9404557
8945290
8420487
7960964
7501697
7042430
6583164
6845822
7108480
7371394
7568516
7831174
8093831
8356745
8553867
8816525
9079183
9342097
9539219
9801877
10064535
10327449
10524571
10787229
11050143
11312801
11575459
12166823
12757932
13349297
13940406
14531770
15122879
15779780
16370889
15976136
15384262
14792133
14200003
13739457
13542081
13279168
13081791
12884159
12686782
12423869
12226493
12029116
11765947
11568571
11371194
11239610
11371450
11503035
11634875
11766460
11898300
12095420
12227261
12358845
12490686
12622270
12754111
12951231
13083072
13214656
13346497
13478081
13609922
13807042
14004675
14465477
14926278
15387336
15848137
16374475
16505804
16307405
16109262
15910863
15712720
15514321
15250642
15052243
14919636
14721493
14523350
14325206
14127063
13928664
13730521
13597914
13664472
13928661
14192593
14456782
14655434
14919623
15183556
15316417
15514558
15712700
15910841
16108982
16307380
16505521
16703408
16703668
16703928
16703933
16704193
16704453
16704713
16704974
16705234
16705498
16706017
16706280
16706799
16706803
16706290
16705778
16705521
16705008
16704495
16704238
16703725
16703213
16768492
16767979
16767466
16767209
16766696
16765927
16765414
16764645
16764131
16763362
16762849
16762080
16761566
16760797
