2425882
2491675
2623261
2755104
3018275
3281704
3610669
3940146
4334904
4795711
5256519
5717583
6244183
6836576
7428970
8087156
8745598
9404041
10128277
10918049
11642541
12498106
13353928
14209750
15065828
16052979
16777215
16711422
16579837
16514044
16448251
16382458
16316665
16250872
16185079
16119030
15987700
15921907
15856114
15790321
15724528
15658479
15592686
15461357
15395564
15329771
15263978
15198185
15132136
15066343
14935014
14869221
14803428
14737635
14671586
14605793
14540000
14474207
14342878
14277085
14211292
14145243
14079450
14013657
13947864
13816535
13750742
13684693
13618900
13553107
13487313
13421520
13290191
13224398
13158349
13092556
13026763
12960970
12895177
12829384
12697799
12632006
12566213
12500420
12434627
12368834
12237249
12171456
12105663
12039870
11974077
11908284
11776699
11710906
11645113
11579319
11513526
11447733
11381684
11315891
11184562
11118769
11052976
10987183
10921390
10855341
10789548
10658219
10592426
10526633
10460840
10394791
10328998
10263205
10131876
10066083
10000290
9934497
9868448
9802655
9736862
9671069
9539740
9473947
9407898
9342105
9276312
9210519
9144726
9013396
8947603
8881554
8815761
8749968
8684175
8618382
8487053
8421004
8355211
8289418
8223625
8157832
8092039
8026246
7894661
7828868
7763075
7697282
7631489
7565696
7499647
7368318
7302525
7236732
7170939
7105146
7039353
6973304
6841975
6776182
6710389
6644596
6578803
6512753
6446960
6381167
6249838
6184045
6118252
6052459
5986410
5920617
5854824
5723495
5657702
5591909
5526116
5460067
5394274
5328481
5197152
5131359
5065566
4999517
4933724
4867931
4802138
4736345
4605016
4539223
4473174
4407381
4341588
4275795
4210002
4078673
4012623
3946830
3881037
3815244
3749451
3683658
3552329
3486280
3420487
3354694
3288901
3222852
3091523
3025730
2959937
2894144
2828351
2762558
2696509
2565180
2499387
2433594
2367801
2302008
2235959
2170166
2038836
1973043
1907250
1841457
1775664
1709615
1643822
1578029
3221856
2893145
2695764
2564176
2432588
2301001
2169415
2103620
1972033
1906239
1774909
1709115
1643065
1577271
1511477
1445683
1379889
1314096
1182766
1182508
1116715
1050921
985383
919590
853796
788003
