5339524
5207424
5075068
4942712
4810356
4678000
4611181
4479081
4346725
4214369
4082013
3949657
3817301
3684946
3552846
3420490
3288134
3155778
3023422
2891067
2758967
2626611
2494255
6641733
13159532
15990652
15990652
15990652
15990652
15990652
15990652
15990652
15793276
12106347
6641490
7021090
6757405
6296596
5769995
5374724
5177345
4073297
4139347
4270677
4336727
4402521
4534107
4599901
4665951
4797281
4863331
4994661
5060712
5126506
5258092
5323886
5389936
5521266
5587316
5653110
5784696
5850490
5916540
6047870
6113920
6179714
6311300
6377094
6443144
4933996
2427949
2625329
2822709
3020089
3151933
3349313
3546693
3678537
3875917
4073297
4270677
4402521
4665694
4863331
5126505
5324142
5587315
5784953
6048126
6245763
6508936
6115201
5590136
5065070
4540004
4014938
2427948
2427948
2427948
2493484
2493484
2493484
2559020
2559019
2624555
2690091
2755626
2755626
2821161
2886697
2952232
3017768
3148839
3214375
3279910
3345701
3476773
3542308
3607843
3738915
3804450
3935521
4066592
4132128
4263455
4328990
4460061
4591132
4656667
4787739
4918810
4984345
5115672
5181208
5312279
5377814
5508885
5574421
5705492
5771027
5836562
5967890
6033425
6098960
6230032
6295567
6361103
6426638
6492174
6557709
6623245
6688780
6754316
6819851
6885643
6885643
6951178
6951178
7016714
7016714
7082250
7082249
7082249
7082249
7082249
6754316
6295567
5902098
5443350
5049881
4591132
4132127
3738915
3279910
2821161
2427949
2559536
2756659
2888502
3020089
3151933
3283520
3415107
3546950
3744073
3875917
4007504
4139091
4270934
4402521
4534108
4600158
4731488
4797538
4928868
4994918
5060712
5192298
5258092
5324142
5455472
5521522
5587316
5718902
5784696
5850746
5982076
6048126
6113920
6245506
6311300
6377350
6508680
5918334
4736871
3949658
4082013
4148576
4280675
4413031
4545387
4677743
4810099
4942455
5074811
5207167
5339523
5934740
6795182
7655368
8317403
8251092
8184781
8118214
7986368
7920057
7853491
7787181
7720871
7588769
7522459
7456407
7390355
7324048
7257996
7257481
7191173
7125122
7059070
6993019
6926712
6860661
6794609
6728558
6662251
6596200
