0
65793
131586
263172
328965
328965
460551
526344
657930
723723
789516
921102
1052688
1118481
1184274
1315860
1381653
1579032
1644825
1776411
1842204
2039583
2105376
2236962
2368548
2500134
2631720
2697513
2894892
3026478
3158064
3289650
3421236
3552822
3684408
3881787
3947580
4144959
4276545
4473924
4605510
4737096
4934475
5066061
5197647
5395026
5526612
5658198
5855577
5987163
6118749
6316128
6447714
6645093
6776679
6908265
7105644
7237230
7434609
7631988
7763574
7960953
8092539
8289918
8421504
8553090
8750469
8882055
9079434
9211020
9408399
9605778
9737364
9934743
10000536
10197915
10329501
10526880
10658466
10855845
10987431
11184810
11316396
11447982
11645361
11776947
11908533
12105912
12237498
12369084
12566463
12698049
12829635
12961221
13092807
13290186
13421772
13487565
13684944
13816530
13948116
14079702
14211288
14342874
14408667
14606046
14671839
14803425
14935011
15066597
15132390
15263976
15395562
15527148
15592941
15658734
15790320
15856113
15987699
16053492
16185078
16250871
16382457
16448250
16448250
16579836
16645629
16711422
16777215
16645629
16514043
16316664
16119285
15921906
15724527
15527148
15329769
15066597
14935011
14671839
14408667
14145495
13882323
13619151
13355979
13092807
12763842
12500670
12237498
11908533
11579568
11316396
10921638
10658466
10329501
10000536
9671571
9342606
9013641
8750469
8421504
8026746
7763574
7434609
7105644
6776679
6447714
6118749
5855577
5460819
5197647
4868682
4539717
4276545
4013373
3684408
3421236
3158064
2894892
2631720
2368548
2105376
1842204
1710618
1447446
1250067
1052688
789516
657930
460551
263172
131586
131586
460551
789260
1184274
1644825
2105376
2565927
3092271
3618615
4210752
4737096
5395026
6052956
6645093
7303023
7895160
8553090
9211020
9803157
10461087
11119017
11711154
12303291
12895428
13421772
13948116
14474460
14935011
15395562
15790320
16119285
16514043
16777215
16185078
15461355
14540253
13487565
12434877
11250603
10000536
8816262
7500402
6250335
5066061
3881787
2829099
1907997
986895
328965
328965
2039583
4144959
6513507
9013641
11447982
13684944
15592941
16645629
13092807
8355711
3552822
0
7763574
16185078
